1001693891
1003019343
1003568155
1007628263
1013224393
101384886
103424610
1037388047
1037667212
1045286807
1049610531
1053395297
1058956183
1059647709
1059703153
1070788695
1075468371
1078484877
1081220079
1082170571
1082296125
1082554969
1082664897
108429196
1084971577
109295552
1093160625
1096523299
1102881122
1104609918
1105211413
1112189672
1114957577
1115222642
111749427
1120777617
1122856246
1127177172
1133979181
1135128281
1137720876
1138225617
1141741554
1144651550
1146269587
1147419793
114840260
1156180305
1157378345
116616238
1171576327
1173396473
1178895419
1180287796
1181015889
1187161591
1193479427
1207974093
1210246590
121548245
1215525283
1217326349
1218955085
1223241587
1223455749
1225617917
1231106436
1231794547
1234509461
1242529849
1245075263
1245075366
1245672761
1249796783
1256823212
1259359630
126187965
1264124935
1269684901
1270016109
1278007667
1278360746
1284074814
1288365719
1289331793
1299191263
1299204428
130464413
1311613697
1312025545
1313659203
131838950
1318715735
1319130417
132369788
133196929
1332779202
1339545337
1342780099
1346746779
1347493795
1348525360
1348684206
1350864897
1363459064
1367859210
1376000135
1378748379
138356050
138615557
1399104462
1400194963
1400457218
1400838619
140210051
1403423944
1403430567
1406682205
1418909394
1420381239
142052597
1422827705
1432407319
1433488937
1437677409
1446408889
1449335081
1454267309
1454293213
1456534239
1467985579
1468172471
1469116666
147531028
148461854
1485065223
1487964571
1489152412
149877155
1499053754
1499135955
1499585808
1504959411
1508409672
15096982
1510821435
152054969
153134951
1533006610
1538321809
1543329003
1544236599
1549807548
1553305592
1556446178
1557711894
1561017554
1566033823
1566792537
1572893563
157388663
1577302781
1580683584
1583063050
1585998119
1590814792
1595151738
1596654653
1597874811
1599198540
1608149368
1612283392
1618752613
1622109476
1622183895
1622194089
1624379596
1625868059
1628511079
1637168888
163842407
1648013667
165108856
1658609949
1662091371
1662275705
166654755
167697037
1680107180
1680384066
1681839184
1682490365
1683865252
1684760199
1693165214
1693445214
169392169
1694349721
1696150988
1703108191
1704427419
1705298903
1708357932
1709413389
1709894841
1715285384
171553661
1721359763
1722894577
1723590603
172518186
1731303197
1731902558
1734707330
1735161575
1738004727
1744873783
1749254324
1753297527
1754370912
1762510976
1762634415
1773012336
1774072421
1776684169
1780408149
1781391719
1786505269
1798543747
1799858759
180073434
1809986834
1816519936
1817207185
181952069
182057829
1826087456
1835329207
1839041587
1841852684
1843296859
1850585324
1851290016
1854398613
1855806119
1856455312
185690128
1862091682
186507001
1865648586
1865963760
1866497781
1867218958
1869684343
1869689009
1875586566
1880528479
1881143272
1881163431
1881812705
1883960453
1884002181
1885005758
1885203994
1886586786
1890003973
189391644
1895759663
1898531888
1905622830
1908188805
1919215122
1924458870
1925062505
1929503645
193038335
1930581727
193438626
193485512
193496005
193505014
193612363
1936145138
1939095017
1940756042
1940903769
194116516
1941714983
1945698465
1945829775
194628141
1947958630
194963146
1949838514
19521781
1954017761
195440372
1955879745
1958272378
1959825848
196550257
1966295279
196962455
1969909805
197153624
1972481263
1972828329
1973826528
197789446
1978597803
198110669
1981614397
198715391
199067888
1992012658
1992526081
1993612583
199678053
199684569
1997940922
1998185828
199845773
199968701
200612854
200620021
200640921
2007998305
200800847
200804155
2010378833
201053238
201201454
201270214
2012808946
201529901
2019658622
201994081
2020262745
2024166390
2024386757
202565012
202628870
202668259
2034902318
203820420
2044512649
204486584
2048075637
2053639763
2057381880
2062777395
2062777962
2065692671
2065714457
2066927610
206828679
2068806626
2070451829
2070480074
2071446099
2071632530
2071701663
2074004373
2074082749
2075269793
2076378100
2076382521
2076409916
2078333003
2078782609
207933861
2079422774
2083403990
2084510683
2085064837
2088400725
2088508703
2088526876
2088605284
2089152860
2090451235
2090624265
2090697969
2095242749
2098894373
2101356086
2104401230
2104973193
2107851805
2108433908
2110803598
2110809313
2114333278
2114361561
2115688978
2119104193
2120287060
2126462485
2137022431
2137807730
213793327
2138005725
2140309228
2140321171
2145477671
2149773981
2149892000
2152774145
2153462103
215488856
2155261209
215644804
2156971916
2157023141
2166500209
2168382731
216918009
2174577943
218444294
218452493
218588379
2188199458
2189051742
2189410611
219011079
219062952
2192689685
2193327386
2196663067
2197689287
2197950286
2199589702
2202803218
2203796735
220402983
221018647
221248938
2212969936
221391311
2218012337
2220117694
2220801951
222096218
2223482515
2223982797
222406426
2226937540
222748631
222824488
223304015
2235226455
223652056
223735688
2238514744
223914325
224646853
224919899
2250881981
2260709607
2260709612
2265011081
2267298014
227176772
2272767919
227543824
2276899892
2277465700
227853759
2278616889
2280621800
2282542807
2283255983
2284642271
2284757757
2285152327
2285474845
2288263923
2288792877
2289872713
229705200
229840001
2298431525
229873498
2299192095
2301267588
2303788715
230519596
2305934476
2308623837
231601429
231747739
2318594546
2320595517
232137413
2321941856
2322803010
2326777292
232822544
2328755791
233140923
2331562438
2338820363
234296886
2350025088
2350093547
2350952906
2351220519
2351766602
2351798512
2352695544
2353916284
2357194684
236636445
236799799
2368270908
2373124897
237555959
2377311273
237751548
2379096890
2381710415
2382777958
2384296392
2385907840
2387482489
2388280765
2390416951
239180903
2395195061
2395882374
2397883190
2398458844
2407694901
2408875099
2409967672
241182663
241259525
241305013
2414580742
2422455869
2422671391
2423945432
2424732298
242563819
243098671
2433930297
243855515
243869217
244087561
2441186915
2443558784
2447209068
2447881525
2455568430
2456995966
2457275728
2465451232
2471252577
2474944299
2478527393
2478902005
2480322305
2483317586
2484151860
2485156986
2489587287
2501714665
2504773202
2508535587
2516750611
2518215994
252157953
2522798757
2522966421
252316737
2526877879
252865689
252927947
2529438043
2529464517
2530149702
253108755
253295110
253302273
253332827
2533717555
253482740
253503140
253630060
2538417103
254290947
2543083077
254562090
254586672
254741045
254745120
2548069266
255169273
255225516
255232971
255313559
2554191898
255487027
2555633426
255630259
255676523
255715422
2557301399
255844880
2558497649
256027118
2560750862
2561354526
256412937
2564316201
256735862
2567385103
2568374073
256845781
2568495693
256969225
2569893144
256994565
257211720
257221514
257645974
258414396
258799251
258899860
258982268
259128581
259273354
2593770785
2596118558
2597058403
2597718836
2597747181
260350368
260417082
2608249013
2612812134
261355850
2614308744
2614720772
2614734912
2616163469
261806674
261816183
2619640003
2623057123
2626267470
262639619
262822696
2628272877
262968573
2631224612
263148053
263494311
263925885
263962471
264008163
2640172296
2640190701
2640808577
264331016
2645930343
265053384
265063795
265341352
2657220274
265989299
266013878
266262198
266374798
2663959274
266499070
266595441
2666807485
2667530682
2669912654
2673597459
267417291
267826558
2679753532
2684688908
2685045105
2685864620
268740699
2688845849
268973748
2692242826
2692518808
2694124180
269426970
2694432924
269586388
269768215
269788355
269933284
2700687624
270124083
270258459
2704372946
2705916698
270592303
270876455
270945392
271301027
271445796
2717736186
2721793723
272245182
2722698049
272313445
272520613
272657767
272699313
273002580
273033081
273178937
2733451929
2734121682
2734996290
2735683131
274137425
2744688138
2745054719
2745433245
2746277723
2752937496
275424906
275438132
2757924680
275865566
276147733
276627456
276706009
2767162963
2768719304
277134341
277195097
277232826
277335481
2775012699
277503437
2777494058
2779313159
278199181
278232779
278373632
278426813
279103018
279104801
279111677
279172949
279380584
279420953
279502733
2796393961
279771896
2798869951
2799340266
280064534
280282731
280336105
2806257817
280980797
2814950596
283050133
2830848699
283173796
2832856458
2835024596
2835739855
2837451442
2840275598
284197811
2845065271
2848556789
2851372334
2852215096
2853230051
2856019392
2857401175
2857641239
2860974693
2861334871
286207442
2863398290
2864952998
286628721
2871527118
287707826
2880675110
2883524493
2884835830
2885342987
2890340802
2900507876
2900764153
2901356359
2901750606
2902828683
2904247277
2904826642
2907801930
291001124
2920927204
292165113
2924907415
2934400435
2935745316
2937639964
2939292519
2951813126
29518216
2956176011
2959111597
296227324
2963165627
2963833687
2964202897
2974065076
2979005786
2981583717
298365043
2984498383
2985866120
2988551684
2992786411
2993981912
2995376873
2996323815
3001051532
3008396002
3009302249
3009559342
3014881747
3026297728
3028081397
3030562632
3034779950
3036460120
3037460866
3040458612
3040787820
3047205102
3056093344
3057874418
3060303359
3061411020
3064585984
306642363
3067335586
307055739
307406244
3076822388
3077116524
3086350380
3091024765
3091488425
3095714813
3097311116
3100372877
3101607802
3102446517
3108964829
3109948844
3114965383
3116581686
3117617784
3125240278
313620762
3141769505
3141944147
3142204667
3148020087
3148246395
3150840553
315692511
3160651588
316343156
3169487070
3171321505
3178091550
317912236
3181438188
3181475193
3192366144
3192549925
3194095463
3195054979
3196452291
3197534905
3198217712
3200292094
32036110
3204645866
3205094331
3205100047
3206668873
3209269566
3213639873
3216528038
3216564543
3222609595
322749643
3228522647
322984576
3231987356
3234017254
3235017753
3235401141
323787099
3240217586
3242674079
3246520768
3246875977
3252446616
3254601554
3260471789
3263407896
3264499592
32663537
3266701277
3268866233
3270399467
3270543129
3270954894
3273046930
3274520895
3276109037
3276604205
3280684875
3282004062
3282151
3283055454
3284896179
3285372409
3286379701
3287884478
3291777538
3294038447
3294561975
3296407500
3311185165
3320947022
332143311
3323892940
333027145
3331525501
333563805
333579091
3337074415
333917338
3347807857
3348116621
3350814236
3356028400
3357115911
33578886
3359377559
3361731977
3363740137
3370790010
3373818579
3375024246
3375453214
3378031477
3379178249
3379979521
3382226546
3388056820
3390351345
3391591625
3397101668
3398019716
3401878371
3402423120
34055159
3408847757
341245730
3414202930
3424564914
3429974636
3430602330
3432604915
3436346330
3436985688
3437534407
3438217338
3438735337
3444857085
3445715577
3446848343
3449947528
3451646178
3458682047
3459991698
3460328493
346669910
3470024826
3472052049
3474884964
3475791489
3476070605
3477271054
3479890887
3480743057
3481993869
3484595197
3485948837
3487485068
3487862033
3488514757
3488839822
349134611
349203207
3495831469
349981509
3500034128
3504626434
3505085152
3508660475
351003261
3516615771
3517118448
3518290392
3518550443
3519163081
3520727561
3523653181
3530214120
3532221483
3534535712
3540583162
3542597687
3544172138
3546798650
3557840638
3560360455
3560840409
3578233227
3581184080
3583589013
3586705157
3587528830
3589239484
359124060
3591654582
3591919623
3592976187
3599944503
3600910331
3602379456
3609529279
3612738682
3615067459
3617130105
361757089
3619878883
3628075154
3630174192
3630910338
3631473929
3631753928
3632976709
3633293188
3638897787
3640273120
3640743481
3642690579
3642789619
3646911703
3648240174
3649555697
3650756498
3655090202
3661150708
3662931866
3667855963
3674519608
368262888
3682697131
3683118959
3684373932
3687745491
3689742633
3689830111
3692201974
3694478380
3696689120
3697724292
3699361383
3701429500
3703155497
3703908435
3710293539
3713538348
3716242344
3716853437
3717458612
3717852983
3718202509
37198420
3731468961
3733778504
3735660866
3737461585
3738476995
3739078944
3745896899
3755740146
3757888624
3759945930
3762582696
3763534413
3764249940
3768054556
3768158514
3768913119
377300679
3774907410
3775986633
3778921124
3780086208
3780333811
3780411481
3781357410
3784125779
3784439906
3786127958
3789624707
3790218131
3792177984
3792619797
3795535124
380017745
3801490485
3814483466
3815128250
3822190807
3827760235
383000447
3830315635
383293465
3833364109
3836996664
384114101
3846953928
3851171292
3854882840
3856366807
3858502282
3864717428
38678617
3868385328
3880124542
3885288279
3885317700
3886530425
3887102156
3890400216
3890496382
3890847659
3903863102
3904746483
390731833
3908274888
3909950444
3910683439
3917111623
3919114212
3926411920
3931670176
3932932355
3936042999
3939354024
39420558
3943229975
3946785017
394686108
3947558189
3947563996
3954123131
3955142312
3958313243
3962084279
3981113345
3985429428
3988349576
3988450305
3992168371
3994803817
3996313829
400003145
4003818209
4007766881
4016006306
4016140984
401936657
4020580502
4021770885
4025766376
4026094457
4028325359
402982872
4029930234
4035575039
4036249804
4037463681
4047560880
4048162204
4050501850
4054051472
4054230454
4062138793
4062703135
4063344056
4066357246
4066447375
4067162762
4067660817
407133051
4071990390
4072279876
4074577151
4085396400
4092141940
4097147243
4099054254
4100798695
4104446457
4105968634
4109999630
4110033390
411090011
4120015521
4123811869
4124260570
4124740383
4129955230
4136537531
4137108715
4140872579
4143410099
4144711302
4145804409
4147094705
4147489876
4147706826
4148818427
4149874793
4153490300
4154412055
4162235628
4162713953
41631276
4165840244
4166355499
4173726200
417624121
417624796
4179210672
4180689759
4181298535
418305258
419013644
419230868
4196006993
4199855279
4204844404
4205403902
4205411902
4206972910
4208335368
4210968799
4211198762
4213022141
4214064730
4215991359
4218850617
4218920225
4223068388
4224920995
4225336283
4231501175
42396123
4239632654
4240634283
4241891932
4242042848
4248052014
4249524579
4251961601
4253485449
4258251768
4258626510
4260942503
4266297038
4266411619
4269141164
4274826187
4276525229
428190495
4282880155
4282982462
4283726600
4284811878
42875660
4289102529
4292878010
433835982
434172564
434177848
434482523
434904101
438947243
441072050
441430682
444408523
444785325
449171426
451120530
45250777
452872972
457486963
457744508
461691645
46225820
463038800
463297390
46572375
46646287
466935681
4671054
468731320
469242349
471644581
474036615
475095963
475957010
477999199
482992919
489918898
491273546
493526152
495475772
497479956
498593309
502177286
502327293
505077123
505363289
50786317
508008478
513376010
516678383
517914795
520520556
535765130
536479239
537836127
538714040
544180724
54575687
546497694
546947088
54700434
548809101
550535478
555420055
556131396
557120925
557201291
559693900
561088262
563711836
567981170
569050331
575203032
575401126
575447412
577184306
582836039
584594131
589531575
592479583
596087858
600528997
601070895
601805405
607599651
608622943
610053319
611221354
61368309
615463839
617700073
618191076
618273152
619460337
622797094
627408959
629223798
629509524
631483749
633404974
633631744
634627975
63516949
641749243
642152851
643149290
651895805
653478079
655092397
656175042
656611391
657331292
661392723
6631272
664741150
66696411
671464398
673068602
677386181
678643100
680658675
688614098
691813700
691862118
692326838
69362028
693817216
69531336
700247233
70028059
702489343
70338332
706556943
707886248
708490848
709302274
71155785
713024981
713516260
717346127
718262027
723928843
725874127
727197059
729707305
732273824
732915044
733679511
734954051
735538391
741208229
742155711
748281964
75213406
752996618
756347704
766059732
771703667
779952748
784420362
785048039
791544240
792860038
794112611
807433499
810984170
812015174
816904078
819832351
821797445
824418565
829693462
829725803
831561187
833897078
839457479
839517718
845293027
850322328
851737906
856438493
857616529
865216891
865294315
873322330
87370907
874979830
879997004
880635289
882795005
883832857
886438105
88720242
88720274
88720369
89180511
8925989
894573006
900666074
910046287
913633373
915272559
915682828
915983566
916243524
919277430
924170045
92668413
932370865
936414279
94041555
940512355
945324236
962061791
962667727
964284020
964955370
966692677
969838237
973049197
975748593
976810598
979975433
984816886
987552000
989700161
991562277
997155059
998515134
